
























0, 112, 260|
1, 158, 251|2, 321, 237|


3, 414, 6|
4, 299, 473|5, 424, 447|6, 127, 124|3, 414, 6|
4, 302, 466|7, 374, 447|8, 253, 333|9, 239, 310|10, 274, 321|11, 112, 260|12, 438, 233|6, 122, 126|13, 240, 124|14, 347, 114|15, 397, 111|16, 195, 38|17, 170, 31|3, 412, 9|
3, 413, 6|



































































































































































18, 148, 368|19, 110, 330|20, 352, 320|21, 401, 279|22, 158, 270|23, 310, 267|
18, 147, 367|19, 110, 330|20, 352, 320|22, 158, 270|21, 401, 279|23, 311, 267|
18, 147, 368|19, 110, 330|20, 352, 320|22, 158, 270|21, 401, 278|23, 310, 267|
18, 146, 367|19, 110, 330|20, 352, 320|22, 158, 270|21, 401, 278|23, 310, 267|
18, 146, 368|19, 110, 330|20, 351, 320|22, 158, 270|21, 401, 278|23, 310, 269|
18, 146, 368|19, 110, 330|20, 351, 320|21, 401, 278|22, 158, 270|23, 311, 269|
18, 146, 368|19, 110, 330|20, 351, 320|22, 157, 270|21, 401, 277|23, 311, 267|
18, 147, 358|19, 110, 330|20, 351, 320|22, 158, 270|21, 399, 276|23, 310, 269|
18, 147, 358|19, 110, 330|20, 351, 320|22, 157, 270|21, 399, 276|23, 310, 267|
18, 147, 358|19, 109, 330|20, 351, 320|21, 398, 275|22, 157, 270|23, 311, 270|
18, 146, 358|19, 110, 330|20, 351, 320|21, 398, 273|22, 157, 270|23, 311, 270|
18, 146, 358|19, 110, 330|20, 351, 320|21, 397, 283|22, 157, 270|23, 311, 270|
18, 146, 358|19, 110, 330|20, 351, 326|22, 158, 270|21, 397, 295|23, 311, 269|
18, 146, 358|19, 110, 330|20, 351, 320|22, 158, 270|21, 395, 282|23, 311, 267|
18, 146, 358|19, 110, 330|20, 350, 320|21, 392, 294|22, 158, 270|23, 311, 267|
18, 146, 365|19, 110, 330|20, 350, 320|21, 391, 281|22, 158, 270|23, 309, 267|
18, 147, 359|19, 110, 330|20, 350, 320|21, 397, 271|22, 158, 270|23, 308, 267|
18, 147, 365|19, 109, 330|20, 350, 320|21, 390, 271|22, 157, 270|23, 309, 267|
18, 147, 358|19, 110, 330|20, 350, 320|21, 391, 271|22, 157, 270|23, 308, 267|
18, 147, 358|19, 110, 330|20, 350, 320|21, 394, 271|22, 157, 270|21, 391, 249|23, 309, 267|
18, 148, 352|19, 109, 330|20, 349, 320|21, 392, 271|22, 157, 268|23, 309, 267|
18, 148, 352|19, 108, 330|20, 349, 320|21, 393, 271|22, 157, 268|23, 309, 267|21, 391, 249|
18, 148, 352|19, 109, 330|20, 349, 320|22, 158, 268|23, 309, 267|
18, 149, 352|19, 109, 330|20, 349, 320|22, 157, 268|23, 309, 267|
18, 149, 358|24, 391, 280|19, 109, 330|20, 349, 320|22, 158, 268|24, 391, 259|23, 309, 267|
18, 149, 358|24, 390, 280|19, 109, 330|20, 349, 320|22, 157, 270|25, 391, 257|23, 309, 267|
18, 150, 364|19, 109, 330|24, 389, 281|20, 349, 320|22, 158, 270|23, 309, 267|
18, 151, 364|19, 108, 330|24, 388, 283|20, 349, 320|22, 158, 270|23, 309, 267|
18, 151, 364|19, 109, 330|24, 388, 285|20, 349, 326|22, 158, 270|23, 310, 269|
18, 152, 365|19, 108, 330|24, 387, 281|20, 349, 326|22, 158, 270|23, 310, 269|
18, 152, 365|19, 108, 330|24, 386, 273|20, 348, 326|22, 158, 270|23, 310, 269|
18, 153, 365|19, 109, 330|24, 387, 273|20, 348, 325|22, 158, 270|23, 310, 269|
18, 154, 365|19, 108, 330|24, 384, 273|20, 348, 325|22, 158, 270|23, 310, 269|
18, 153, 353|19, 108, 330|24, 384, 272|20, 348, 306|22, 158, 270|23, 310, 269|
18, 154, 353|19, 108, 330|24, 383, 273|20, 348, 306|22, 158, 270|24, 389, 249|23, 310, 269|
18, 155, 351|19, 109, 330|24, 386, 272|20, 347, 306|22, 158, 270|24, 389, 249|23, 310, 269|
18, 155, 349|19, 109, 330|24, 386, 272|20, 346, 323|22, 157, 271|24, 389, 249|23, 311, 269|
18, 156, 348|19, 109, 330|26, 386, 273|20, 347, 323|22, 158, 271|24, 389, 254|23, 311, 269|
18, 156, 351|26, 386, 296|20, 346, 323|19, 109, 330|26, 386, 272|22, 158, 270|24, 389, 249|23, 309, 269|
18, 157, 351|26, 386, 296|20, 346, 322|19, 110, 330|26, 386, 272|22, 158, 270|24, 389, 249|23, 309, 269|
18, 157, 348|26, 386, 296|19, 110, 330|26, 386, 272|20, 345, 322|22, 158, 270|24, 389, 249|23, 311, 269|
18, 159, 347|26, 385, 296|19, 110, 330|26, 386, 272|20, 345, 322|22, 162, 270|22, 158, 245|23, 310, 269|
18, 159, 347|26, 385, 296|19, 110, 330|26, 386, 272|20, 345, 319|22, 162, 270|26, 387, 253|22, 158, 245|23, 310, 267|
18, 159, 347|19, 110, 330|26, 386, 273|20, 345, 319|22, 162, 270|26, 386, 253|22, 157, 245|23, 310, 269|
18, 159, 347|27, 385, 296|19, 110, 330|26, 386, 273|20, 345, 320|22, 162, 270|22, 157, 245|23, 309, 269|26, 387, 254|
18, 160, 352|19, 110, 330|27, 386, 273|20, 345, 320|22, 162, 270|22, 157, 245|23, 309, 269|27, 388, 254|
18, 161, 353|19, 111, 330|27, 386, 273|20, 345, 320|22, 158, 270|23, 309, 269|27, 388, 255|
18, 160, 349|19, 112, 330|27, 386, 273|20, 345, 320|22, 158, 270|23, 309, 256|
18, 161, 350|27, 385, 296|19, 112, 327|27, 386, 273|20, 344, 320|22, 162, 270|27, 388, 255|
18, 162, 350|28, 385, 296|19, 114, 327|27, 386, 273|20, 344, 320|22, 162, 270|
18, 162, 344|28, 385, 296|19, 113, 327|28, 386, 273|20, 344, 320|22, 162, 270|28, 388, 255|
18, 162, 342|29, 385, 296|19, 113, 326|28, 386, 273|20, 344, 322|22, 162, 270|
18, 162, 342|29, 385, 296|19, 114, 326|29, 386, 273|20, 344, 322|22, 162, 270|29, 387, 255|
18, 162, 342|19, 115, 326|29, 387, 273|20, 344, 322|29, 388, 256|
18, 164, 344|19, 115, 326|20, 344, 321|30, 163, 270|29, 388, 257|
18, 164, 344|19, 115, 326|20, 344, 321|30, 163, 269|29, 388, 257|
18, 165, 341|19, 115, 328|29, 387, 273|20, 344, 320|30, 163, 269|29, 389, 257|
18, 166, 342|19, 116, 326|29, 388, 273|20, 343, 320|30, 163, 270|29, 389, 257|
18, 168, 342|19, 117, 321|29, 388, 272|20, 343, 320|30, 164, 269|29, 389, 258|
18, 169, 342|19, 116, 324|20, 343, 302|30, 164, 269|29, 389, 258|
18, 170, 343|19, 117, 324|20, 343, 303|29, 390, 258|
18, 170, 342|19, 117, 324|29, 389, 272|20, 343, 320|29, 389, 259|
18, 170, 342|19, 118, 317|20, 343, 320|
18, 171, 342|19, 119, 313|20, 343, 320|
18, 171, 352|19, 119, 313|20, 343, 320|
18, 172, 342|19, 120, 316|20, 342, 320|
18, 172, 342|19, 121, 318|20, 342, 320|31, 392, 271|32, 161, 270|
18, 172, 342|19, 121, 320|20, 342, 320|31, 392, 271|32, 161, 270|
18, 173, 342|19, 122, 314|20, 342, 322|20, 346, 295|31, 393, 271|32, 161, 270|
18, 172, 342|19, 123, 317|20, 342, 322|20, 346, 285|31, 393, 271|32, 162, 270|
18, 173, 340|19, 128, 318|20, 343, 322|20, 346, 295|31, 393, 271|32, 163, 270|
18, 173, 340|19, 126, 322|20, 343, 322|20, 345, 295|31, 394, 271|
18, 173, 343|19, 127, 322|20, 343, 320|20, 345, 295|31, 394, 271|
18, 173, 343|19, 128, 323|20, 343, 320|20, 345, 296|31, 394, 271|
18, 173, 343|19, 129, 323|20, 343, 321|20, 345, 297|31, 394, 271|
18, 173, 343|19, 128, 323|20, 343, 318|20, 345, 298|31, 395, 271|
18, 174, 343|19, 129, 323|20, 343, 318|31, 394, 271|33, 158, 254|
18, 175, 344|19, 129, 321|20, 343, 315|31, 396, 282|33, 158, 254|
18, 175, 344|19, 130, 320|20, 342, 315|31, 395, 282|33, 158, 270|
18, 176, 342|19, 130, 320|20, 342, 315|31, 397, 282|33, 158, 260|
18, 176, 342|19, 131, 320|20, 342, 315|31, 396, 281|33, 158, 260|
18, 177, 342|19, 132, 321|20, 342, 315|31, 397, 272|33, 158, 259|
18, 177, 342|19, 133, 323|20, 342, 318|31, 398, 273|33, 158, 266|
18, 178, 348|19, 133, 321|20, 342, 318|31, 398, 273|33, 157, 270|
18, 179, 348|19, 133, 321|20, 342, 320|31, 399, 274|33, 157, 267|
18, 178, 340|19, 133, 321|20, 342, 320|31, 399, 275|33, 157, 270|
18, 179, 340|19, 134, 321|20, 342, 320|31, 399, 275|33, 157, 270|
18, 180, 338|19, 133, 321|20, 342, 320|31, 400, 276|33, 157, 270|
18, 181, 337|19, 139, 323|20, 342, 315|31, 400, 277|33, 157, 267|
34, 145, 378|18, 182, 340|19, 134, 323|20, 341, 318|31, 401, 277|33, 158, 267|
34, 145, 378|35, 217, 366|18, 183, 342|19, 134, 323|20, 342, 318|31, 401, 277|33, 161, 270|
34, 145, 378|35, 216, 367|18, 183, 335|19, 134, 323|20, 341, 318|31, 401, 277|33, 158, 270|
34, 145, 378|18, 184, 341|19, 140, 326|20, 341, 315|31, 401, 277|33, 157, 270|
34, 145, 378|18, 185, 341|19, 139, 326|20, 341, 318|31, 403, 277|33, 158, 270|
34, 146, 378|18, 185, 340|19, 135, 323|20, 340, 315|31, 402, 277|33, 158, 270|
18, 187, 340|19, 135, 323|20, 340, 315|31, 402, 278|33, 159, 270|
18, 188, 342|19, 135, 326|20, 340, 321|31, 402, 278|33, 159, 269|
18, 189, 339|19, 135, 323|20, 340, 321|33, 163, 267|31, 402, 278|33, 160, 245|
18, 189, 341|19, 135, 323|20, 340, 321|31, 402, 278|33, 161, 268|
18, 190, 333|19, 135, 323|20, 340, 321|31, 402, 278|33, 161, 266|
18, 194, 333|19, 136, 323|20, 340, 321|31, 402, 278|33, 161, 267|
18, 193, 345|19, 136, 323|20, 340, 321|31, 402, 278|33, 162, 268|
18, 194, 349|19, 136, 323|20, 339, 321|31, 402, 278|33, 165, 268|
18, 196, 330|19, 136, 311|20, 339, 321|31, 402, 278|33, 165, 267|
18, 197, 328|19, 137, 323|20, 339, 320|31, 403, 278|33, 166, 267|
18, 198, 328|19, 137, 323|20, 339, 320|31, 403, 278|33, 165, 267|
18, 199, 329|19, 138, 323|20, 339, 321|31, 403, 278|33, 167, 267|
18, 200, 321|19, 137, 323|20, 340, 321|31, 403, 278|33, 167, 267|
18, 201, 321|19, 138, 323|20, 340, 321|31, 403, 278|33, 168, 267|
18, 202, 315|19, 139, 321|20, 340, 321|31, 402, 277|33, 168, 267|
18, 202, 314|19, 140, 324|20, 340, 321|31, 402, 277|33, 168, 267|
18, 204, 312|19, 141, 324|20, 340, 321|31, 403, 277|33, 168, 267|
20, 339, 321|18, 205, 312|19, 141, 323|36, 340, 295|31, 402, 277|33, 169, 267|
18, 205, 312|19, 140, 328|20, 340, 322|31, 401, 275|33, 169, 267|
18, 206, 312|19, 141, 328|20, 340, 322|31, 402, 275|33, 170, 267|
19, 140, 326|18, 207, 311|20, 340, 322|31, 401, 270|33, 170, 267|
19, 140, 328|18, 207, 311|20, 340, 322|31, 401, 270|33, 171, 267|
19, 141, 328|18, 208, 326|20, 340, 322|31, 401, 270|33, 172, 267|
19, 141, 328|18, 209, 312|20, 340, 322|31, 401, 270|33, 172, 267|
19, 141, 328|18, 210, 312|20, 340, 321|31, 401, 270|33, 172, 265|
19, 141, 328|18, 211, 311|20, 340, 320|31, 401, 270|33, 173, 266|
18, 211, 311|19, 140, 328|20, 341, 307|31, 401, 270|33, 173, 266|
19, 139, 328|18, 215, 325|20, 341, 307|31, 400, 270|33, 174, 266|
19, 140, 328|18, 213, 311|20, 341, 307|31, 400, 270|33, 174, 265|
19, 139, 328|18, 214, 306|20, 341, 307|31, 400, 270|33, 175, 266|
19, 139, 328|18, 215, 306|20, 341, 307|31, 400, 270|33, 176, 266|
19, 139, 328|18, 215, 306|20, 341, 308|31, 400, 270|33, 177, 266|
19, 139, 328|37, 139, 291|20, 342, 312|18, 216, 311|31, 400, 270|33, 177, 266|
19, 139, 328|20, 342, 312|18, 217, 312|31, 400, 270|33, 178, 262|
20, 342, 309|19, 139, 326|18, 218, 324|31, 400, 270|33, 178, 266|
20, 342, 312|19, 138, 326|18, 220, 324|31, 400, 270|
20, 342, 312|19, 138, 326|18, 218, 310|31, 400, 270|
19, 137, 324|20, 342, 309|38, 135, 291|18, 221, 324|31, 399, 270|39, 180, 263|
20, 342, 309|19, 135, 326|18, 221, 309|39, 181, 263|
20, 344, 312|19, 134, 326|18, 222, 322|40, 399, 270|39, 182, 263|
20, 343, 312|19, 134, 323|18, 222, 322|39, 182, 263|
20, 344, 312|19, 133, 322|18, 222, 307|39, 183, 256|
20, 344, 306|19, 132, 320|18, 222, 306|39, 184, 257|
20, 344, 306|19, 131, 321|18, 222, 299|39, 185, 257|
20, 344, 306|19, 130, 321|18, 223, 322|39, 185, 257|
19, 130, 322|18, 223, 309|39, 186, 257|
19, 129, 323|18, 222, 310|39, 187, 262|
19, 129, 324|18, 222, 310|39, 188, 262|
41, 342, 306|19, 129, 324|18, 224, 332|39, 189, 260|
41, 342, 306|19, 128, 324|18, 224, 310|39, 189, 260|
41, 344, 306|19, 128, 324|18, 223, 323|39, 189, 264|
19, 127, 324|18, 224, 332|39, 190, 262|
19, 126, 324|18, 224, 332|39, 191, 263|
19, 125, 324|18, 225, 332|39, 192, 256|
19, 125, 324|18, 225, 332|39, 193, 263|
19, 124, 324|18, 225, 332|39, 195, 262|
19, 123, 324|18, 226, 310|39, 195, 262|
19, 123, 324|18, 226, 332|39, 196, 261|
19, 122, 324|18, 225, 332|39, 197, 263|
19, 122, 324|18, 225, 332|39, 198, 263|
19, 122, 324|42, 340, 302|18, 224, 332|39, 199, 262|
19, 122, 323|18, 224, 332|42, 339, 305|39, 200, 263|
19, 121, 322|42, 340, 305|18, 224, 332|39, 201, 263|
19, 121, 323|18, 224, 332|42, 340, 288|39, 202, 262|
19, 120, 323|18, 224, 324|42, 340, 302|39, 203, 259|
18, 223, 325|42, 339, 286|19, 119, 322|39, 204, 248|
42, 340, 305|18, 222, 325|19, 119, 322|43, 339, 287|39, 205, 246|
18, 222, 324|19, 118, 324|42, 338, 305|39, 205, 259|
18, 222, 325|42, 338, 308|19, 118, 321|39, 206, 258|44, 394, 263|
42, 338, 308|18, 221, 324|19, 118, 322|45, 337, 284|44, 394, 263|39, 207, 258|
18, 222, 324|19, 118, 322|42, 335, 308|39, 209, 259|
18, 221, 324|19, 118, 323|42, 336, 307|46, 393, 263|39, 209, 253|
18, 221, 324|42, 336, 308|19, 118, 323|46, 392, 258|39, 209, 256|
18, 221, 324|19, 118, 323|42, 335, 308|39, 209, 253|
18, 220, 324|19, 117, 328|42, 332, 308|39, 211, 253|
18, 220, 324|19, 117, 323|42, 331, 307|39, 212, 243|
18, 220, 324|19, 117, 323|42, 332, 312|47, 392, 280|39, 212, 240|
18, 219, 326|19, 117, 323|47, 392, 280|42, 332, 300|39, 213, 239|
18, 219, 325|19, 117, 323|47, 392, 276|42, 329, 312|39, 214, 240|
18, 221, 325|18, 218, 306|19, 117, 323|47, 392, 277|42, 328, 313|39, 215, 240|
18, 220, 325|48, 218, 305|19, 117, 323|42, 328, 308|39, 217, 240|
18, 220, 325|48, 218, 306|19, 117, 323|49, 391, 280|42, 327, 301|39, 218, 238|
18, 220, 325|48, 218, 306|19, 117, 323|49, 391, 276|42, 327, 311|50, 312, 263|39, 218, 238|
18, 220, 325|48, 218, 306|19, 117, 323|49, 391, 280|42, 326, 303|49, 389, 258|50, 312, 263|39, 218, 239|
18, 220, 325|48, 218, 306|19, 117, 323|49, 391, 280|42, 326, 303|50, 312, 263|39, 219, 240|
18, 220, 325|48, 218, 306|19, 117, 323|49, 391, 280|42, 326, 310|50, 312, 263|39, 219, 245|
18, 219, 325|19, 117, 323|48, 218, 307|49, 391, 276|42, 325, 301|50, 313, 263|39, 219, 253|
18, 219, 325|48, 218, 307|19, 117, 323|49, 390, 280|42, 322, 300|50, 313, 263|39, 220, 249|
18, 219, 325|48, 218, 311|19, 117, 323|49, 390, 275|42, 322, 301|50, 312, 263|39, 219, 251|
48, 217, 311|19, 116, 323|49, 390, 280|42, 322, 301|49, 388, 256|50, 313, 263|39, 220, 254|
48, 217, 311|19, 116, 323|42, 324, 299|49, 389, 276|39, 221, 255|50, 311, 263|
48, 217, 311|19, 116, 323|49, 389, 274|42, 321, 301|39, 221, 256|50, 312, 263|
48, 217, 311|19, 116, 323|42, 321, 298|49, 389, 272|39, 222, 257|50, 313, 263|
48, 217, 311|19, 116, 323|42, 321, 301|49, 388, 273|39, 222, 255|50, 313, 263|
48, 216, 311|19, 116, 323|49, 388, 272|42, 317, 301|39, 222, 255|
48, 215, 311|19, 116, 323|49, 388, 272|42, 318, 301|39, 222, 261|
48, 214, 311|19, 116, 323|49, 387, 271|42, 318, 298|39, 222, 261|
48, 215, 311|19, 116, 323|42, 318, 298|39, 221, 240|
48, 215, 311|19, 116, 323|51, 387, 270|42, 319, 301|39, 222, 255|
48, 214, 311|19, 116, 323|51, 387, 271|42, 319, 301|39, 222, 255|
48, 214, 311|19, 116, 323|51, 387, 270|42, 318, 298|39, 222, 253|
48, 214, 311|19, 116, 320|42, 318, 298|39, 222, 254|
48, 213, 311|19, 115, 320|52, 386, 270|42, 318, 298|39, 223, 256|
53, 214, 326|48, 212, 311|19, 115, 320|42, 318, 296|39, 222, 255|
53, 213, 327|48, 212, 312|19, 115, 320|42, 318, 297|39, 222, 256|
48, 211, 313|19, 115, 320|39, 222, 254|42, 319, 298|
48, 210, 315|19, 115, 320|39, 222, 254|42, 320, 298|
48, 210, 315|19, 115, 320|54, 383, 274|39, 221, 255|42, 320, 298|
19, 115, 320|48, 209, 315|19, 115, 290|39, 220, 257|42, 319, 301|
48, 208, 327|19, 115, 320|55, 115, 295|56, 383, 274|39, 219, 257|42, 319, 301|
48, 207, 315|19, 113, 320|56, 382, 274|39, 218, 257|42, 319, 301|
48, 206, 327|19, 113, 320|56, 383, 275|39, 217, 258|42, 319, 298|
48, 206, 323|19, 113, 323|39, 216, 257|42, 320, 299|
48, 205, 328|19, 113, 323|39, 215, 257|42, 320, 298|
48, 205, 323|19, 113, 322|39, 214, 263|42, 320, 298|
48, 204, 323|19, 113, 322|39, 213, 262|42, 320, 298|
48, 203, 323|19, 112, 320|39, 211, 259|42, 320, 298|
48, 202, 323|19, 112, 327|57, 382, 275|42, 320, 301|39, 209, 262|
48, 201, 321|19, 111, 327|57, 382, 275|42, 320, 301|39, 208, 262|
48, 201, 326|19, 111, 321|57, 382, 275|42, 321, 301|39, 207, 256|
48, 200, 330|19, 110, 325|57, 382, 275|39, 206, 256|42, 321, 303|
48, 199, 331|19, 110, 324|42, 323, 303|39, 205, 265|58, 317, 261|
48, 199, 331|19, 110, 324|42, 323, 303|39, 204, 262|58, 316, 261|
48, 198, 331|19, 109, 328|59, 382, 275|42, 323, 300|39, 203, 259|58, 316, 260|
48, 197, 331|19, 109, 324|59, 382, 275|42, 324, 300|39, 203, 262|58, 316, 261|
48, 197, 330|19, 109, 322|59, 381, 269|42, 324, 300|39, 202, 262|58, 316, 261|
48, 196, 330|19, 109, 328|59, 381, 269|42, 325, 301|39, 201, 265|58, 316, 260|
48, 194, 343|19, 108, 327|59, 382, 269|42, 328, 301|58, 317, 260|39, 199, 262|
48, 192, 343|19, 108, 327|59, 382, 269|42, 329, 301|58, 316, 259|39, 198, 263|
48, 192, 342|19, 107, 320|59, 381, 269|42, 330, 300|39, 197, 266|58, 316, 258|
48, 191, 344|19, 107, 320|59, 381, 275|42, 331, 295|39, 196, 263|58, 317, 257|
48, 191, 343|19, 107, 320|59, 382, 275|42, 331, 301|39, 195, 266|58, 317, 258|
48, 189, 343|19, 106, 322|59, 382, 275|42, 331, 295|39, 194, 263|58, 317, 254|
48, 187, 348|19, 105, 321|59, 382, 275|42, 332, 295|39, 194, 267|58, 316, 253|
48, 187, 348|19, 104, 320|59, 382, 275|42, 333, 297|39, 192, 267|58, 316, 253|
48, 187, 348|19, 103, 320|59, 382, 275|42, 333, 300|39, 192, 267|58, 316, 253|
48, 186, 348|19, 103, 320|59, 381, 275|42, 334, 300|39, 190, 267|58, 316, 261|
48, 184, 348|19, 102, 320|59, 381, 275|42, 335, 300|39, 189, 266|58, 316, 255|
48, 184, 348|19, 102, 320|59, 381, 275|42, 336, 297|39, 188, 267|58, 316, 255|
48, 183, 348|19, 102, 320|59, 381, 275|42, 337, 299|39, 187, 267|58, 317, 253|
48, 182, 348|19, 102, 328|59, 381, 275|42, 338, 298|39, 186, 267|58, 317, 253|
48, 181, 343|19, 102, 327|59, 381, 275|42, 338, 298|39, 184, 267|58, 317, 253|
48, 180, 343|19, 102, 328|59, 381, 275|42, 338, 291|39, 184, 266|58, 317, 253|
48, 179, 348|19, 101, 320|59, 381, 275|42, 339, 291|39, 183, 266|58, 317, 253|
48, 179, 351|19, 101, 327|59, 381, 275|42, 340, 292|39, 182, 266|58, 317, 253|
48, 178, 352|19, 101, 324|59, 381, 275|42, 341, 295|39, 181, 266|58, 317, 244|
48, 177, 357|19, 100, 328|59, 381, 268|42, 341, 297|39, 180, 263|58, 316, 244|
48, 176, 358|19, 100, 330|59, 381, 268|42, 342, 297|39, 180, 267|58, 316, 247|
48, 174, 344|19, 100, 326|59, 380, 268|42, 343, 298|39, 179, 267|58, 316, 242|
48, 174, 355|19, 99, 330|59, 380, 275|42, 344, 298|39, 177, 268|58, 316, 243|
48, 173, 349|42, 343, 299|19, 100, 327|59, 380, 275|60, 345, 279|39, 177, 266|58, 315, 238|
48, 172, 353|42, 344, 297|19, 99, 327|59, 380, 268|60, 346, 278|39, 176, 267|58, 315, 238|
48, 171, 352|19, 99, 327|59, 380, 268|42, 346, 297|39, 176, 263|58, 315, 238|
48, 171, 356|19, 99, 327|42, 346, 289|39, 175, 263|58, 315, 235|
48, 170, 355|19, 98, 327|42, 348, 290|39, 174, 268|58, 314, 235|
48, 168, 355|19, 98, 327|42, 348, 287|39, 173, 268|58, 314, 232|
48, 168, 353|19, 98, 327|42, 349, 292|39, 173, 257|58, 313, 234|
48, 167, 355|19, 98, 328|42, 350, 290|39, 172, 269|58, 313, 235|
48, 166, 351|19, 98, 329|42, 351, 290|
48, 165, 355|19, 98, 329|61, 378, 272|42, 352, 291|62, 171, 269|
48, 165, 355|19, 98, 329|42, 352, 292|63, 312, 231|
48, 165, 355|19, 98, 329|64, 377, 272|65, 170, 269|42, 353, 294|
48, 164, 356|19, 98, 329|64, 376, 272|65, 169, 269|64, 354, 302|
48, 163, 352|19, 98, 329|64, 376, 272|64, 354, 302|65, 168, 269|
48, 163, 352|19, 98, 328|64, 375, 277|64, 355, 308|65, 168, 269|66, 311, 230|
48, 162, 350|19, 98, 328|64, 374, 278|64, 356, 307|65, 168, 268|66, 311, 230|
48, 161, 350|19, 98, 328|64, 373, 288|64, 357, 305|65, 167, 268|66, 311, 230|
48, 160, 350|19, 98, 328|64, 373, 278|64, 357, 309|65, 166, 269|
48, 159, 351|19, 98, 328|64, 358, 309|65, 166, 269|67, 310, 230|
48, 159, 353|19, 98, 328|64, 359, 309|65, 166, 269|
48, 159, 353|19, 98, 328|64, 365, 305|65, 165, 268|
48, 158, 351|19, 98, 328|64, 365, 296|65, 165, 268|
48, 157, 351|19, 99, 328|64, 366, 296|65, 164, 269|
48, 156, 351|19, 98, 328|64, 365, 306|65, 164, 269|
48, 155, 351|19, 98, 328|64, 364, 310|65, 164, 269|
48, 154, 351|19, 98, 328|64, 365, 307|65, 163, 269|
48, 153, 351|19, 98, 328|64, 365, 305|65, 163, 269|
48, 152, 355|19, 98, 327|64, 365, 305|65, 163, 269|
48, 151, 351|19, 98, 328|64, 369, 306|65, 163, 269|
48, 150, 350|19, 99, 328|64, 370, 306|65, 164, 269|
48, 150, 351|19, 99, 327|64, 373, 298|65, 164, 269|
48, 149, 348|19, 100, 327|64, 374, 300|65, 164, 269|
48, 149, 351|19, 100, 317|64, 375, 300|65, 164, 269|
48, 149, 351|19, 100, 317|64, 375, 302|65, 164, 269|
48, 149, 345|19, 100, 318|68, 351, 273|64, 376, 303|65, 164, 269|
48, 149, 344|19, 100, 315|68, 349, 274|64, 377, 304|65, 164, 269|
48, 149, 344|19, 99, 315|68, 347, 274|64, 379, 304|65, 164, 269|
48, 148, 344|19, 99, 315|68, 347, 273|64, 379, 295|65, 164, 269|
48, 148, 345|19, 100, 315|68, 345, 270|65, 164, 269|64, 379, 305|
48, 149, 345|19, 100, 315|68, 343, 273|64, 380, 299|65, 165, 269|
48, 148, 345|19, 100, 315|68, 341, 271|64, 381, 299|65, 165, 269|
48, 148, 345|19, 100, 315|68, 340, 271|64, 382, 300|65, 165, 269|69, 341, 244|
48, 148, 352|19, 100, 316|64, 383, 300|65, 166, 269|
48, 148, 345|19, 100, 316|64, 383, 305|65, 166, 269|
48, 149, 352|19, 100, 316|64, 384, 306|65, 166, 269|70, 336, 245|
48, 149, 352|19, 100, 315|64, 385, 303|65, 166, 269|71, 336, 286|
48, 149, 343|19, 100, 315|64, 386, 305|71, 334, 263|65, 166, 269|72, 306, 260|
48, 148, 343|19, 100, 314|64, 387, 305|71, 333, 286|65, 166, 269|72, 306, 260|
48, 148, 342|19, 100, 314|64, 387, 306|65, 166, 269|71, 332, 273|72, 306, 257|
48, 148, 340|19, 100, 314|64, 389, 306|65, 166, 269|71, 330, 268|72, 306, 258|
48, 150, 340|19, 101, 312|64, 389, 303|65, 166, 269|71, 330, 268|72, 306, 257|
48, 150, 344|19, 101, 316|64, 390, 303|71, 327, 268|65, 166, 269|71, 329, 245|71, 306, 257|
48, 150, 341|19, 101, 316|64, 390, 303|73, 325, 270|65, 167, 269|71, 328, 245|71, 306, 257|
48, 150, 339|19, 101, 316|19, 100, 294|73, 324, 268|64, 391, 306|65, 167, 269|73, 327, 250|73, 305, 257|
48, 151, 339|19, 102, 317|19, 100, 297|74, 323, 270|64, 391, 306|65, 167, 269|73, 326, 253|73, 305, 257|
48, 152, 339|19, 102, 317|19, 100, 297|74, 322, 278|64, 392, 307|65, 167, 269|73, 324, 252|73, 305, 260|
48, 153, 338|19, 102, 327|19, 100, 297|74, 320, 278|64, 392, 308|65, 167, 269|73, 323, 253|73, 305, 260|
48, 153, 335|19, 103, 327|64, 392, 308|74, 320, 277|65, 168, 269|74, 322, 253|74, 305, 260|
48, 154, 335|19, 103, 327|64, 393, 309|75, 318, 278|65, 168, 269|74, 321, 253|74, 305, 260|
48, 155, 337|19, 104, 326|75, 318, 271|64, 393, 301|64, 393, 301|65, 168, 269|75, 321, 253|75, 305, 260|
48, 155, 337|19, 104, 325|64, 394, 309|76, 317, 271|65, 168, 269|75, 320, 253|75, 304, 260|
48, 156, 336|19, 105, 325|64, 394, 309|76, 317, 279|65, 168, 269|75, 319, 253|75, 304, 260|
48, 156, 337|19, 105, 325|64, 394, 306|76, 316, 270|65, 168, 269|76, 319, 253|76, 304, 260|
48, 157, 336|19, 106, 325|64, 394, 306|76, 317, 269|65, 168, 269|76, 319, 253|76, 304, 258|
48, 158, 336|19, 106, 325|64, 394, 306|77, 316, 269|65, 168, 269|76, 319, 253|76, 304, 261|
48, 159, 336|19, 106, 328|64, 394, 306|77, 316, 270|65, 169, 269|77, 318, 253|77, 304, 260|
48, 159, 337|19, 107, 338|64, 394, 311|77, 316, 270|65, 169, 269|77, 318, 253|77, 304, 260|
48, 159, 337|19, 107, 338|64, 395, 311|78, 316, 271|65, 169, 269|77, 318, 254|77, 305, 260|
48, 160, 339|19, 108, 338|64, 395, 310|78, 316, 271|65, 169, 269|78, 317, 253|78, 305, 260|
48, 161, 338|19, 108, 338|64, 395, 311|78, 315, 272|65, 169, 269|78, 317, 253|78, 305, 260|
48, 161, 333|19, 108, 338|64, 395, 311|78, 316, 272|65, 169, 269|78, 317, 254|78, 305, 260|
48, 162, 336|19, 108, 338|64, 394, 311|78, 316, 272|65, 169, 269|78, 317, 254|78, 305, 258|
48, 163, 336|19, 108, 338|64, 394, 311|79, 316, 272|65, 169, 269|78, 317, 254|78, 305, 258|
48, 163, 336|19, 107, 338|64, 394, 311|79, 316, 272|65, 169, 269|79, 317, 253|79, 305, 260|
48, 164, 336|19, 107, 338|64, 394, 311|80, 317, 272|65, 169, 269|79, 317, 253|79, 305, 258|
48, 166, 338|19, 107, 338|64, 393, 311|80, 317, 272|80, 318, 253|65, 169, 269|80, 306, 258|
48, 167, 340|19, 107, 338|64, 394, 311|80, 317, 272|65, 169, 268|80, 319, 253|80, 306, 259|
48, 168, 340|19, 107, 338|64, 393, 311|81, 319, 272|65, 169, 269|80, 320, 253|
48, 169, 340|19, 108, 338|64, 393, 309|81, 319, 282|80, 321, 253|65, 169, 269|
48, 170, 338|19, 108, 333|64, 394, 309|81, 320, 282|80, 322, 253|65, 169, 269|
48, 171, 333|19, 108, 338|64, 394, 309|64, 395, 305|81, 321, 278|81, 322, 253|65, 169, 269|
48, 171, 332|19, 108, 338|64, 393, 309|64, 394, 305|81, 322, 278|65, 169, 269|
48, 172, 333|19, 109, 332|64, 393, 310|64, 393, 305|81, 323, 278|81, 324, 253|65, 168, 268|
48, 173, 330|19, 108, 335|64, 392, 310|64, 393, 305|81, 323, 278|81, 325, 253|65, 168, 269|
19, 108, 337|48, 173, 338|64, 392, 312|64, 392, 305|81, 324, 281|81, 326, 253|65, 168, 268|
19, 109, 340|48, 175, 338|64, 391, 313|64, 392, 303|81, 324, 281|81, 327, 253|65, 167, 269|
19, 109, 343|48, 176, 338|64, 390, 312|81, 326, 278|81, 328, 252|65, 167, 269|
19, 109, 343|48, 176, 338|64, 390, 317|64, 390, 303|82, 327, 283|65, 167, 268|81, 329, 252|
19, 108, 343|48, 177, 338|64, 389, 317|82, 328, 283|82, 330, 251|65, 167, 268|
19, 108, 343|48, 177, 338|64, 388, 316|64, 389, 302|82, 330, 282|65, 166, 268|83, 331, 252|
19, 107, 343|48, 177, 338|64, 388, 313|82, 331, 282|82, 332, 252|65, 166, 260|
19, 107, 343|48, 177, 338|64, 387, 313|82, 332, 282|82, 333, 252|65, 165, 260|
19, 106, 343|48, 176, 335|64, 386, 313|82, 333, 282|65, 166, 268|65, 165, 243|
48, 176, 335|19, 106, 343|64, 386, 311|82, 335, 273|65, 166, 268|65, 165, 242|
48, 175, 335|19, 105, 343|64, 385, 310|82, 336, 277|65, 165, 268|65, 165, 242|
48, 176, 334|19, 105, 343|64, 385, 310|82, 337, 277|65, 165, 268|65, 165, 242|
48, 174, 333|19, 104, 340|64, 384, 310|82, 337, 284|65, 165, 266|65, 164, 242|
48, 172, 333|19, 104, 340|64, 384, 309|82, 340, 295|65, 165, 267|65, 164, 242|
48, 173, 333|19, 103, 340|64, 383, 309|82, 339, 277|65, 165, 267|65, 164, 242|
19, 103, 340|48, 172, 340|64, 383, 309|82, 340, 281|65, 164, 242|
84, 380, 326|19, 103, 340|48, 172, 340|64, 382, 309|82, 342, 275|82, 344, 251|65, 165, 242|
19, 103, 338|48, 170, 340|85, 104, 304|64, 381, 326|82, 343, 279|65, 165, 244|
19, 103, 341|48, 167, 333|64, 381, 326|82, 344, 278|65, 165, 245|
19, 103, 332|48, 165, 332|82, 345, 278|64, 380, 326|65, 165, 240|
19, 105, 331|48, 166, 333|64, 379, 326|82, 347, 283|65, 166, 242|
19, 103, 330|48, 165, 332|64, 379, 324|82, 348, 280|65, 166, 244|
19, 103, 329|48, 162, 332|64, 378, 324|82, 350, 280|65, 166, 267|
19, 103, 329|48, 163, 333|64, 377, 325|82, 350, 280|65, 167, 267|
19, 103, 328|48, 161, 333|64, 377, 323|65, 167, 264|
19, 103, 329|48, 162, 333|64, 376, 323|65, 167, 259|
19, 103, 329|48, 162, 333|64, 375, 323|65, 168, 248|
19, 103, 329|48, 162, 329|64, 375, 320|65, 168, 256|
19, 103, 329|48, 162, 327|64, 375, 320|65, 168, 267|
19, 104, 329|48, 162, 328|64, 374, 321|65, 169, 267|
19, 104, 329|48, 162, 323|64, 373, 316|65, 169, 267|
19, 104, 330|48, 161, 322|64, 373, 317|86, 362, 281|65, 170, 267|
48, 161, 322|64, 368, 317|64, 373, 303|65, 170, 267|
48, 161, 321|64, 372, 318|87, 364, 274|65, 171, 268|
48, 161, 322|64, 371, 317|87, 368, 274|65, 172, 268|
48, 161, 322|64, 371, 318|87, 368, 274|65, 172, 268|
48, 160, 323|88, 103, 308|64, 370, 318|65, 173, 268|
48, 160, 326|64, 369, 318|65, 173, 269|
89, 104, 328|48, 160, 327|64, 367, 320|65, 174, 268|
89, 104, 328|48, 160, 329|64, 367, 320|65, 175, 264|
89, 104, 314|48, 160, 333|64, 368, 320|65, 176, 261|
48, 160, 333|64, 368, 320|65, 177, 261|
48, 160, 333|64, 371, 320|65, 177, 262|
48, 161, 332|64, 369, 320|65, 178, 265|
48, 160, 331|64, 371, 318|65, 179, 265|
48, 160, 331|64, 370, 318|65, 179, 261|
48, 160, 331|64, 370, 318|65, 180, 266|
48, 160, 331|64, 366, 318|90, 376, 275|65, 180, 266|
48, 160, 331|64, 367, 320|90, 377, 275|65, 180, 262|
48, 160, 332|64, 367, 319|90, 377, 275|65, 181, 267|
48, 160, 332|64, 365, 320|90, 377, 274|65, 182, 267|
48, 160, 332|64, 365, 320|90, 378, 274|91, 104, 282|65, 182, 266|
48, 159, 332|64, 363, 321|91, 104, 282|90, 378, 274|65, 182, 264|
48, 159, 333|64, 364, 321|90, 379, 274|65, 183, 264|
48, 159, 333|64, 364, 318|65, 183, 267|
48, 159, 332|64, 363, 318|65, 184, 267|
48, 159, 333|92, 103, 307|64, 362, 321|65, 184, 260|
48, 158, 333|64, 362, 321|65, 185, 260|
48, 158, 336|64, 361, 311|65, 186, 264|
48, 158, 336|64, 360, 311|65, 187, 262|
48, 157, 338|64, 360, 306|65, 187, 262|
48, 156, 337|64, 360, 306|65, 188, 267|
48, 156, 338|64, 359, 318|65, 188, 266|
48, 156, 338|93, 103, 302|64, 359, 307|65, 189, 266|
48, 155, 344|93, 104, 305|64, 359, 317|65, 189, 266|
48, 155, 341|64, 357, 320|65, 190, 262|
48, 155, 340|64, 358, 311|65, 190, 260|
48, 155, 340|64, 354, 311|65, 190, 266|
48, 155, 340|64, 353, 312|94, 104, 306|65, 191, 255|
48, 154, 339|94, 104, 306|64, 352, 312|65, 191, 257|
48, 154, 340|94, 104, 306|64, 349, 312|65, 191, 256|
48, 154, 340|94, 104, 306|64, 350, 312|65, 193, 253|
48, 154, 340|94, 104, 306|64, 350, 312|65, 193, 255|
48, 154, 340|64, 350, 308|65, 193, 255|
48, 154, 341|64, 346, 308|65, 194, 255|
48, 153, 340|95, 104, 306|64, 346, 308|65, 197, 249|
48, 154, 341|64, 346, 308|65, 197, 252|
48, 154, 341|64, 348, 312|65, 195, 251|
48, 154, 342|64, 346, 312|65, 196, 255|
48, 154, 344|64, 348, 312|65, 196, 263|
48, 154, 344|64, 350, 312|65, 196, 263|
48, 154, 344|64, 346, 313|65, 197, 266|
48, 154, 344|64, 346, 309|96, 320, 262|65, 197, 266|
48, 154, 345|64, 346, 309|65, 198, 266|96, 318, 262|
48, 155, 346|64, 350, 312|96, 320, 261|65, 199, 265|
48, 156, 347|64, 347, 313|96, 320, 261|65, 200, 266|
48, 155, 348|64, 348, 309|96, 319, 261|65, 200, 266|
48, 157, 349|64, 349, 309|96, 319, 263|65, 201, 266|
48, 156, 349|64, 349, 308|65, 201, 265|96, 319, 264|
48, 156, 350|64, 349, 309|96, 320, 266|65, 201, 265|
48, 156, 350|64, 349, 309|96, 320, 266|65, 201, 265|
48, 156, 351|64, 349, 308|65, 201, 263|96, 320, 267|
48, 156, 351|64, 349, 308|96, 321, 267|65, 201, 263|
48, 156, 351|64, 349, 308|96, 321, 268|65, 201, 263|
48, 156, 351|97, 378, 275|64, 348, 308|96, 321, 269|65, 202, 263|
48, 156, 352|97, 378, 275|64, 348, 308|96, 322, 270|65, 202, 263|
48, 157, 356|64, 348, 308|96, 322, 270|65, 202, 263|
48, 156, 351|64, 347, 308|96, 322, 272|65, 202, 263|
48, 156, 351|64, 348, 308|96, 323, 274|65, 202, 263|
48, 156, 351|64, 348, 308|96, 323, 277|65, 202, 262|
48, 156, 351|96, 323, 279|64, 347, 308|65, 202, 262|
48, 156, 356|96, 322, 280|64, 347, 307|65, 202, 263|
48, 155, 356|96, 323, 281|64, 347, 308|65, 202, 263|
48, 155, 356|96, 322, 282|64, 347, 307|65, 201, 265|
48, 154, 356|96, 323, 282|96, 346, 306|65, 201, 263|
48, 154, 356|98, 322, 283|96, 346, 309|96, 346, 287|65, 201, 265|
48, 153, 356|96, 345, 309|98, 323, 283|65, 201, 262|
48, 153, 356|98, 324, 286|96, 345, 309|65, 200, 262|
48, 153, 356|98, 323, 284|98, 345, 306|98, 346, 295|65, 200, 262|
48, 153, 356|98, 344, 315|98, 346, 295|98, 325, 284|65, 200, 262|
48, 153, 353|99, 343, 315|98, 344, 292|98, 323, 284|65, 200, 266|
48, 153, 353|99, 343, 313|99, 345, 296|99, 345, 285|99, 323, 284|65, 200, 266|65, 198, 247|
48, 152, 354|100, 343, 313|99, 324, 284|99, 344, 292|65, 199, 266|
48, 152, 354|100, 343, 313|99, 324, 284|65, 198, 266|65, 197, 247|
48, 152, 354|100, 343, 315|100, 344, 296|100, 324, 284|65, 198, 266|
48, 153, 357|100, 342, 313|100, 325, 284|65, 197, 264|
48, 152, 354|100, 342, 310|100, 325, 284|65, 196, 264|
48, 152, 354|100, 342, 313|100, 326, 284|65, 195, 265|
48, 151, 356|100, 341, 307|100, 325, 284|65, 195, 265|
48, 151, 354|100, 341, 313|100, 325, 284|65, 195, 265|
48, 151, 354|100, 325, 284|100, 341, 311|65, 194, 267|
48, 150, 354|100, 341, 308|100, 326, 285|65, 194, 267|
48, 150, 354|100, 341, 311|100, 326, 286|65, 193, 267|
48, 149, 354|100, 341, 311|100, 326, 287|65, 192, 267|
48, 148, 354|100, 341, 311|100, 326, 287|65, 192, 267|
48, 148, 354|100, 342, 307|100, 326, 287|65, 192, 267|
48, 147, 354|100, 342, 307|100, 326, 287|65, 191, 267|
48, 147, 357|100, 326, 287|100, 342, 308|65, 191, 267|
48, 146, 357|100, 326, 287|100, 343, 308|65, 190, 267|
48, 146, 358|100, 342, 308|101, 326, 287|101, 344, 281|65, 189, 267|
48, 146, 358|100, 343, 307|101, 325, 287|101, 344, 285|65, 189, 267|
48, 145, 357|100, 343, 307|101, 326, 287|101, 344, 287|65, 188, 267|
48, 145, 357|100, 344, 307|101, 325, 287|101, 345, 280|65, 188, 267|
48, 144, 357|100, 343, 306|101, 325, 287|101, 345, 280|65, 188, 267|
48, 144, 358|100, 345, 306|101, 325, 287|65, 188, 267|
48, 143, 358|100, 345, 306|101, 325, 287|65, 187, 266|
48, 143, 358|100, 344, 306|100, 325, 287|65, 186, 266|
48, 143, 358|100, 325, 287|100, 344, 306|100, 345, 286|65, 186, 267|
48, 142, 358|100, 346, 306|102, 325, 287|65, 185, 267|
48, 142, 358|100, 345, 308|102, 325, 287|65, 185, 267|
48, 141, 361|100, 346, 308|102, 325, 287|102, 348, 285|65, 185, 267|
48, 140, 369|100, 347, 308|102, 325, 287|102, 347, 290|65, 184, 260|
48, 140, 369|100, 347, 308|102, 325, 287|103, 385, 271|102, 348, 283|
48, 140, 358|102, 325, 287|100, 348, 320|104, 183, 260|
48, 139, 358|100, 348, 308|102, 325, 287|102, 349, 291|
48, 139, 358|102, 325, 287|100, 348, 320|105, 387, 256|106, 182, 267|
48, 138, 371|102, 325, 287|100, 349, 318|105, 388, 260|
48, 138, 369|102, 325, 287|102, 325, 276|100, 349, 319|107, 181, 247|
48, 137, 369|100, 349, 319|102, 325, 287|102, 324, 277|108, 389, 257|107, 181, 247|
48, 137, 369|102, 325, 287|102, 324, 277|100, 350, 308|108, 390, 257|107, 181, 267|
48, 136, 364|100, 350, 318|102, 325, 287|102, 325, 277|108, 390, 261|107, 180, 267|
48, 136, 364|102, 325, 287|102, 325, 277|100, 351, 318|108, 391, 261|107, 180, 268|
48, 136, 372|102, 325, 287|102, 325, 276|108, 388, 270|100, 351, 318|108, 391, 261|107, 180, 267|
48, 135, 372|100, 351, 320|102, 325, 286|102, 325, 276|108, 391, 258|107, 179, 267|
48, 134, 372|100, 352, 320|102, 325, 285|102, 325, 276|108, 391, 258|107, 179, 267|
48, 134, 372|100, 352, 320|108, 391, 258|107, 178, 266|
48, 134, 372|109, 325, 279|100, 352, 321|108, 392, 258|107, 177, 266|
48, 133, 372|108, 389, 271|109, 326, 282|100, 352, 321|108, 392, 258|107, 177, 266|
48, 133, 374|100, 353, 321|109, 326, 282|108, 392, 258|107, 176, 266|
48, 132, 374|100, 353, 321|109, 326, 278|108, 392, 258|107, 176, 266|
48, 132, 374|100, 353, 321|109, 326, 277|108, 393, 258|107, 174, 269|
